6.10
6.09
6.20
6.10
6.02
6.08
6.11
6.07
6.09
6.07
6.09
6.04
6.03
6.12
6.05
6.15
6.03
6.01
6.07
6.06
6.04
6.14
6.07
6.12
6.14
6.03
6.08
6.21
6.18
6.03
6.13
6.02
6.05
6.11
6.07
6.13
6.06
6.03
6.07
6.05
6.02
6.07
6.00
6.09
6.05
6.04
6.01
6.08
6.14
6.00
6.14
6.12
6.11
6.02
6.17
6.14
6.03
6.11
6.11
6.07
6.12
6.02
6.08
6.09
6.05
6.11
6.10
6.15
6.06
6.05
6.11
6.09
6.09
6.07
6.09
6.10
6.09
6.08
6.06
6.17
6.15
6.12
6.07
6.15
6.09
6.09
6.15
6.13
6.16
6.11
6.07
6.09
6.09
6.03
6.02
6.10
6.11
6.07
6.02
6.11
6.02
6.10
6.05
6.04
