15.02
15.12
15.22
14.99
15.24
14.94
15.05
14.99
15.06
14.92
14.94
14.93
15.07
15.01
15.04
15.08
14.97
15.13
15.18
15.01
15.29
15.09
14.90
14.99
15.08
15.15
15.11
14.92
15.02
15.10
14.91
15.22
15.04
15.23
15.19
15.21
15.35
15.19
15.05
14.97
14.88
14.97
15.09
15.00
14.94
15.07
15.42
14.90
15.16
14.95
14.99
14.99
15.08
15.05
15.32
15.23
15.30
15.29
15.12
15.08
15.13
15.21
15.19
15.09
15.18
15.23
15.03
15.17
15.09
14.95
15.20
15.21
15.05
15.02
15.27
15.21
15.02
15.00
15.07
15.09
15.00
15.13
15.02
15.12
15.10
15.14
15.01
14.99
14.99
14.95
14.91
15.11
15.23
15.05
14.90
15.17
15.01
15.16
15.12
15.12
15.10
