21.38
20.98
20.87
21.30
20.90
21.29
21.20
20.94
20.84
21.24
21.08
21.13
20.91
20.84
20.86
21.14
20.89
21.02
20.91
21.17
21.30
20.98
21.10
20.93
20.96
20.99
20.93
20.96
21.06
20.95
21.30
21.11
21.11
21.11
20.94
21.02
21.01
21.32
21.23
21.32
20.90
21.09
21.01
21.30
21.27
21.40
21.11
21.05
20.98
21.08
21.28
21.28
20.95
21.22
21.20
20.92
20.92
21.07
21.07
20.97
21.29
20.97
20.89
21.39
20.97
21.06
20.94
20.97
20.95
20.94
21.23
21.08
21.26
21.05
20.94
21.41
20.90
21.29
21.21
20.85
21.40
20.85
20.94
21.09
20.95
21.28
20.94
20.86
21.03
20.96
21.05
20.90
21.03
21.15
20.97
20.91
20.94
21.33
20.96
20.82
