3.91
3.95
3.90
3.88
3.89
3.88
3.91
3.86
3.92
3.98
3.94
3.87
3.94
3.96
3.98
3.87
3.85
3.87
3.88
3.85
3.91
3.86
3.90
3.91
3.91
3.88
3.90
3.87
3.98
3.98
3.84
3.89
3.95
3.97
3.86
3.90
3.93
3.98
3.90
3.90
3.90
3.91
3.85
3.84
3.85
3.92
3.91
3.87
3.90
3.87
3.89
3.94
3.93
3.89
3.85
3.85
3.85
3.88
3.90
3.90
3.88
3.87
3.96
3.90
3.87
3.86
3.87
4.00
3.86
3.94
3.85
3.85
3.87
3.86
3.88
3.93
3.86
3.96
3.89
3.85
3.91
3.87
3.86
3.93
3.85
3.88
3.94
3.87
3.94
3.88
3.92
3.86
3.87
3.93
3.90
3.87
3.90
3.87
3.86
3.88
3.87
3.86
3.90
3.95
